BEplotID	exploratory	habitat	Mass_loss_October_2012	Potential_nitrification_rate_2014	Ammonium_NH4_2014	Nitrate_NO3_2014	Upper_MinSoil_CN_ratio_2011	O_Horizon_CN_ratio_2011	O_Horizon_CN_ratio_2014	Nmic	amoA_AOA	amoA_AOB	nxrA_NB	X16S_NS	potential_nitrification_2016	Ammonium_NH4_2016	Nitrate_NO3_2016	Dissolved_Carbon	OlsenPi	NaHCO3_Pi	Resin_P	Pmic	O_Horizon_CS_ratio_2014	Glu	N_Ac	Xylanase	Res_14	Organic_C	Organic_layer_thickness	hydrophobicity	Cmic	Pho	Fine_root_glucose_conc	Fine_root_fructose_conc	Browsing_perc_overall	Browsing_perc_broadleaf	Browsing_perc_conifers	Beech_herbivory_Canopy_overall	Beech_herbivory_understorey_overall	Beech_herbivory_Canopy_mining	Beech_herbivory_understorey_mining	Beech_herbivory_Canopy_chewing	Beech_herbivory_understorey_chewing	Beech_herbivory_Canopy_sucking	Beech_herbivory_understorey_sucking	Beech_herbivory_Canopy_galls	Beech_herbivory_understorey_galls	O_Horizon_CN_ratio_2017	O_Horizon_CS_ratio_2017	Root_Biomass
AEW01	ALB	forest	8.1	NA	NA	0.004	15.35	26.9866666666667	26.4433333333333	25.3055630981734	369000000	1050000	1430000	11900000	NA	1.185991103	0.011269953	0.093597787	16.51	77.1526836894216	9.0171770429652	14.03	330.496666666667	189.978921228183	227.264288270129	159.908368406477	39.246	58.29	1.34285714285714	0.18	285.243427731864	2388.39033758309	10.9549874597196	3.77033044676273	NA	NA	NA	NA	NA	NA	NA	NA	NA	NA	NA	NA	NA	24.5566666666667	281.963333333333	0.362
AEW02	ALB	forest	10.3	NA	NA	0.019	13.91	30.4	24.4266666666667	48.7699096666954	2410000	101000000	1270000	72000000	NA	1.987435295	0.013367561	0.055938533	2.7	18.6650057095401	1.66262860026536	29.51	321.006666666667	423.797227405559	510.498346884887	202.829562099423	57.67883	55.34	1.73571428571429	0.1	534.662093743235	3939.93507222543	9.92996385758909	2.22525072601018	0	0	NA	NA	NA	NA	NA	NA	NA	NA	NA	NA	NA	24.24	290.056666666667	6.122
AEW03	ALB	forest	7.6	12.963	0.013	0.007	14.18	37.33	24.6633333333333	107.677219382431	11900000	26600000	1250000	117000000	12.96259511	0.404450187	0.026913033	0.04719154	3.56	4.47884416924665	1.79461450247001	54.86	340.56	609.018385957051	819.238641093164	176.294127733992	105.97664	71.21	0.85	0.11	803.624125007893	4431.83815088905	5.86096125034793	2.20456635692004	0	0	NA	NA	NA	NA	NA	NA	NA	NA	NA	NA	NA	24.2633333333333	284.52	3.112
AEW04	ALB	forest	12.6	8.629	0.021	0.019	12.75	28.94	27.44	127.499954863215	496000000	14300000	413000	374000000	8.628696986	0.213606456	0.020545292	0.032219981	20.39	28.3752860411899	18.6516835404669	53.48	356.48	1076.09848161201	982.686007639078	193.645400551759	77.24497	73.8	1.63571428571429	0.13	837.703838979524	3370.2506484996	3.56763890815227	0	NA	NA	NA	94.8	75	39.6	0	91.6	31.25	7.4	25	2	0	26.2333333333333	311.233333333333	0.836
AEW05	ALB	forest	8.3	9.486	0.15	0.008	12.98	47.875	28.7733333333333	65.9910979195275	1450000	5430000	213000	105000000	9.485632541	0.819618384	0.015488241	0.034430432	3.37	7.33727810650888	1.01557076568054	40.56	380.52	904.006535010625	514.145246385632	247.796207111112	53.46443	49.81	1.10714285714286	0.13	622.597369614513	4401.07832534244	5.52210724018018	2.4073136611308	11.85	11.85	NA	91.6	76.3672438672439	30.4	3.85714285714286	87.6	38.0530303030303	3	31.3486652236652	1.2	2.73214285714286	25.1033333333333	296.75	2.182
AEW06	ALB	forest	9.5	3.262	0.153	0.003	12.32	29.645	29.6133333333333	82.386720171839	1350000	3330000	75000	44100000	3.261972473	0.750269376	0.021043179	0.024675042	3.03	1.03387180823346	0.954155636770804	27.99	414.866666666667	663.554822506978	312.504860095205	152.137349112335	41.49358	40.77	1.53571428571429	0.11	562.435608623549	3385.37265808609	5.68817316131057	2.84369228974113	11.99	11.99	NA	97.2	85.2173913043478	26.4	0	94.4	22.8491436100132	6.8	40.8739569609135	3.4	6.24654934437543	24.5966666666667	307.936666666667	3.7
AEW07	ALB	forest	13.6	2.915	NA	NA	13.05	28.625	26.6333333333333	84.1375030957704	14400000	28000000	500000	38700000	2.914966927	1.001268361	0.022927633	0.049206957	3.48	0	1.23093605717259	34.15	365.103333333333	701.221488970019	728.358837760137	161.875101661237	69.04028	64.68	1.64285714285714	0.15	595.195267878788	5425.26573974919	4.85269054859753	2.46946380276989	0	0	0	84.8	65.6042291042291	30.4	0.416666666666667	76	49.0149433899434	2.2	4.45833333333333	3.4	7.29761904761905	22.1333333333333	271.71	0.436
AEW08	ALB	forest	9.3	3.379	NA	0.005	14.11	29.0666666666667	27.2833333333333	52.592532870694	1620000	2800000	18400	5230000	3.379496165	1.428462777	0.015032158	0.03348011	2.64	2.44094488188976	1.55133042321601	42.92	376.436666666667	970.612356524042	1059.48742044277	196.322442371	82.22613	63.6	2.59285714285714	0.11	539.258229170234	5691.64726386597	4.85894805590998	2.16094069370182	0	0	NA	91.2	46.0218253968254	26	0	88	28.3551587301587	5.4	6.25	1.8	5.02380952380952	26.65	318.973333333333	5.342
AEW09	ALB	forest	11.4	2.902	0.623	NA	14.29	33.58	28.37	75.8616193367042	35800000	15400000	179000	41800000	2.901765438	1.746318173	0.041936319	0.037954589	3.72	0.901069241150213	1.27648166293737	58.43	375.903333333333	1106.70362487257	1098.61242546859	235.084135448455	83.12251	60.17	3.28571428571429	0.12	619.925333333334	6167.89123085025	5.3268730723869	1.78555457186226	14.29	14.29	NA	97.6	68.1783910533911	32.4	0	94.8	50.3537157287157	4.4	13.0820707070707	4.4	1.42361111111111	23.7	287.97	5.432
AEW10	ALB	forest	9.4	21.127	NA	NA	13.49	24.53	24.55	71.7963736400596	3750000	80000000	1140000	43700000	21.12714874	0.954956946	0.013976381	0.040767709	2.87	13.8357894736842	1.60219389791223	31.41	298.376666666667	707.868140430639	522.46444648713	305.762952615285	82.95609	59.44	2.14285714285714	0.11	558.612632248332	9101.04139428974	9.13392390798151	2.94507187075535	0	0	NA	NA	NA	NA	NA	NA	NA	NA	NA	NA	NA	24.79	297.306666666667	1.302
AEW11	ALB	forest	7.5	4.194	0.13	0.002	15.09	27.99	25.3	23.9003857769901	187000000	2800000	112000	3170000	4.194139373	0.481820449	0.012207473	0.054198184	14.61	62.6526315789474	7.07182703018093	10.87	302.336666666667	275.43	269.773742592313	245.51	37.73878	55.23	2.73571428571429	0.21	312.138024893814	4713.75596459006	8.66650630707095	3.08829899884482	NA	NA	NA	NA	NA	NA	NA	NA	NA	NA	NA	NA	NA	24.57	261.03	1.972
AEW12	ALB	forest	9	20.276	NA	0.027	13.16	23.145	28.5633333333333	78.5896642408816	40600000	40600000	373000	40600000	20.27562498	0.645368778	0.034273919	0.063188716	4.8	15.6631578947368	3.78881141892557	40.24	384.373333333333	669.332064456639	648.951135947677	293.239027042062	52.22916	62.46	0.871428571428571	0.14	602.236622711968	6817.98280766606	6.52781757909363	2.43814142543445	27.16	33.33	26.09	NA	NA	NA	NA	NA	NA	NA	NA	NA	NA	22.5333333333333	257.09	0.886
AEW13	ALB	forest	12	11.182	NA	0.002	14.86	23.43	23.5433333333333	87.5119780683924	6730000	21900000	17300	51700000	11.18190933	0.864013728	0.012044613	0.034596468	2.69	13.9384389116504	2.53939359509174	46.49	309.003333333333	915.148991732256	459.745569388807	266.891945342994	71.82866	66.82	1.50714285714286	0.12	683.877221318641	11448.453802271	6.80197064867768	2.69526666743236	3.62	15.79	1.52	NA	NA	NA	NA	NA	NA	NA	NA	NA	NA	24.81	279.833333333333	1.122
AEW14	ALB	forest	10.8	9.374	NA	NA	12.81	27.2566666666667	27.3033333333333	31.9869920919227	9510000	49000000	863000	171000000	9.374272252	0.263249098	0.02466222	0.027455773	5.64	20.2983837546623	2.32280567245999	27.6	358.28	494.439230171481	376.589111549273	172.904733215552	50.38845	43.32	1.11428571428571	0.12	382.129033621868	4444.1610550416	4.93779804627271	2.58283418330956	NA	NA	NA	NA	NA	NA	NA	NA	NA	NA	NA	NA	NA	23.8033333333333	271.62	1.866
AEW15	ALB	forest	15.7	13.841	NA	0.006	13.76	20.5033333333333	19.29	104.544812244284	915000	137000000	3070000	252000000	13.84089396	0.239177911	0.039663201	0.053749302	3.97	11.4338997099047	3.12494771959734	31	273.05	1697.73128445207	602.862596637055	226.87	66.08379	98.74	2.79285714285714	0.12	741.257897856283	4623.65121374223	3.15487233082437	1.69146355209615	NA	NA	NA	96.4	NA	47.6	NA	94.8	NA	19	NA	0.4	NA	22.6866666666667	262.986666666667	1.762
AEW16	ALB	forest	13.8	19.095	0.132	0.008	13.82	26.775	26.04	118.169127385032	56000000	41100000	484000	173000000	19.09500331	0.200119699	0.025935512	0.035663778	5.4	0	1.45908909494849	38.93	335.666666666667	726.499738708217	813.809493972019	205.97	60.59951	62.21	3.27142857142857	0.18	845.258245379179	5318.16848358481	4.81849783069963	0.987071194197303	NA	NA	NA	97.6	55.9675324675325	42.4	0	94.8	46.7251082251082	12.4	4.62121212121212	1.4	0.416666666666667	25.58	319.91	4.842
AEW17	ALB	forest	13	17.097	NA	NA	12.51	26.17	27.7566666666667	98.5130348266004	80400000	13000000	454000	326000000	17.09681046	0.226186653	0.023487826	0.023855177	5.64	22.9726315789474	3.29852664513935	31.88	391.066666666667	781.844366555514	574.73448194481	176.92448327962	61.63111	53.58	1.35714285714286	0.12	643.553883848542	3330.78487553271	3.47740902697149	1.4536473674429	NA	NA	NA	95.6	NA	47.2	NA	91.6	NA	4.4	NA	3	NA	26.2533333333333	306.31	0.346
AEW18	ALB	forest	7.7	15.526	NA	NA	12.72	32.315	27.8433333333333	68.3744783552859	21500000	86100000	1160000	223000000	15.52601721	0.73736491	0.025548872	0.027258673	19.3	57.6232247284879	8.54561517336904	19.65	359.02	889.602632579423	717.402229248167	203.583091203288	48.31084	36.56	2.16428571428571	0.12	495.034218086168	3520.68674311153	3.33767531988483	4.26054725947426	22.33	22.33	NA	98.8	90.6234968734969	45.2	0.925925925925926	96.4	71.2098857932191	3.6	28.2849095349095	6.2	0.810185185185185	27.3266666666667	328.07	1.38
AEW19	ALB	forest	17	10.274	0.135	0.002	12.08	26.44	28.8666666666667	121.259679801597	28000000	44700000	1290000	212000000	10.27355988	0.338484887	0.032682997	0.029673737	5.44	27.9326315789474	30.0899205872362	35.49	408.85	871.559219398297	802.765285809299	261.955684080563	65.75455	61.94	3.78571428571429	0.19	803.098466277154	3108.99573821784	3.53267838680842	0.941426108152423	6.85	6.85	NA	79.2	61.1507936507937	20.4	0	63.6	37.6984126984127	4.2	13.8095238095238	6.8	9.30555555555556	24.9	294.746666666667	3.512
AEW20	ALB	forest	10.3	14.398	1.203	0.004	12.15	31.8	31.44	124.405308618348	147000000	34000000	94700	270000000	14.39764176	0.290105482	0.02727948	0.027098586	7.97	22.4463743852673	19.1317603557224	29.32	489.825	1289.63789662743	847.764211994948	272.996270437725	62.07571	60.65	1.67142857142857	0.12	855.886383134166	2003.31493605569	5.11858913243459	2.99785398320068	0	0	NA	96.8	66.3657407407407	48	0	91.2	43.3366402116402	2.4	21.0383597883598	2.8	0	22.2966666666667	285.443333333333	1.81
AEW21	ALB	forest	11.4	17.626	0.309	NA	11.71	34.385	39.71	185.484735265105	4270000	3750000	17200	67400000	17.62574348	0.205440946	0.027322687	0.028213094	6.4	25.6390977443609	1.65272397758844	58.74	524.51	2321.28860800732	886.778839843199	364.392724041807	14.82345	74.96	0.578571428571429	0.11	1101.59259665706	1803.32285711773	2.31395143063822	0.627327045619842	21.43	21.43	NA	80.4	94.2045454545455	16.4	4.91071428571429	64	62.8733766233766	12.4	28.3887987012987	0.8	1.70454545454545	34.225	377.9	3.022
AEW22	ALB	forest	11.8	8.807	0.153	0.005	13.32	35.605	31.1533333333333	130.432217782408	12400000	37900000	211000	155000000	8.806621608	0.243712474	0.036243083	0.024350646	4.91	2.03947368421053	1.31391016814176	29.84	427.626666666667	1326.76047441335	764.381472062053	248.80834844668	54.58375	60.91	1.95	0.12	744.970854880751	2059.87397477076	4.19579156140353	1.4226468708951	11.4	11.4	NA	91.6	61.0535714285714	31.6	1.66666666666667	84.4	28.656746031746	7.6	21.9811507936508	1	3.1547619047619	23.51	289.696666666667	1.43
AEW23	ALB	forest	14.5	NA	0.201	0.008	12.42	26.5933333333333	26.61	71.7019457250321	37100000	14300000	390000	136000000	NA	0.481717266	0.027193652	0.026165583	4.61	9.62046550639547	1.19534531803727	12.63	363.683333333333	815.735533110556	838.868990896844	157.312290005765	62.47109	60.05	3.7	0.13	591.723990673421	7796.22129085371	4.7600558689564	1.65696517904253	NA	NA	NA	90	62.3804112554113	27.6	0	85.2	39.1650016650017	2.4	25.1457153957154	0.8	5.76914751914752	25.3733333333333	300.7	4.092
AEW24	ALB	forest	8.8	NA	0.465	0.002	13.05	25.0866666666667	30.5866666666667	85.8897004892471	3900000	20600000	447000	17200000	NA	0.965520928	0.020554875	0.02922664	3.18	2.08842105263158	2.26391871203254	29.1	398.666666666667	1033.75773552304	710.658385715001	263.305416044247	44.61438	59.08	2.15714285714286	0.28	629.528493295985	2730.02000777034	1.70502205817121	1.54501691921787	NA	NA	NA	91.2	NA	16.8	NA	85.2	NA	10.6	NA	1.4	NA	22.47	259.096666666667	4.22
AEW25	ALB	forest	12.4	NA	NA	NA	12.91	29.38	32.49	68.3861932938137	3420000	13600000	632000	130000000	NA	1.446727347	0.017834129	0.02617683	3.67	15.0607287449393	1.03144754338676	29.4	424.65	717.04	657.544911870074	307.201908090601	48.71657	39.94	1.44285714285714	0.15	593.33460470674	4815.82306262695	3.1586594829356	0	NA	NA	NA	92	NA	20.4	NA	85.6	NA	8	NA	3.2	NA	27.23	324.225	6.872
AEW26	ALB	forest	8.7	NA	NA	NA	12.2	26.295	29.9333333333333	51.2700681813453	3400000	24800000	165000	191000000	NA	0.603899213	0.019325715	0.031335321	4.07	15.257987798573	2.68225573353636	38.36	330.58	1033.44532122581	622.799082443669	275.188614723488	46.82004	49.38	0.914285714285714	0.22	671.651236630894	6055.60249507106	3.82636534914543	0	NA	NA	NA	98.8	NA	43.2	NA	98.8	NA	3.2	NA	1.2	NA	27.765	322.45	6.42
AEW27	ALB	forest	11.7	5.974	0.106	NA	13.81	26.02	22.5266666666667	65.1694592189269	1070000	147000000	4290000	136000000	5.974221623	0.543600871	0.026984817	0.073606859	4.39	2.61052631578947	3.2739130439078	20.65	269.636666666667	992.10389978738	690.132157018866	309.018041225245	66.62585	60.14	1.77857142857143	0.22	517.992809411765	6283.40316824504	3.86475495460528	0.86205729146884	NA	NA	NA	99.6	NA	59.6	NA	97.6	NA	10.6	NA	3	NA	25.87	294.473333333333	4.952
AEW28	ALB	forest	6.3	16.071	NA	NA	12.76	36.5	30.35	101.00420018692	891000	20100000	625000	55600000	16.071022	1.088256882	0.01847996	0.028579708	3.02	12.3505976095618	1.83734841658991	33.94	389.866666666667	718.733724900347	592.308881653255	180.856929704648	54.72443	63.28	0.678571428571428	0.13	796.831645432099	5954.74935390758	6.92123553016549	1.25705166589787	1.55	1.55	NA	92	78.9751552795031	18.8	1.81159420289855	73.6	35.2329192546584	10.8	27.9787784679089	12.2	2.74327122153209	26.26	306.34	1.23
AEW29	ALB	forest	8.8	17.409	NA	NA	13.93	30.65	24.4766666666667	72.181173701018	18100000	63200000	1160000	144000000	17.4089248	1.572757192	0.015392464	0.059641837	16.09	50.2526315789474	9.20434745329899	22.36	285.22	603.047423073292	710.081382285828	242.475322952255	69.46007	53.19	1.17857142857143	0.38	563.758730835979	6624.12342823328	20.9730195897918	3.296572475448	39.39	39.39	NA	98.8	NA	44	NA	98.8	NA	7.4	NA	0.6	NA	27.9566666666667	313.546666666667	0.086
AEW30	ALB	forest	10.5	23.465	0.196	0.02	12.56	25.945	30.07	165.999304618258	75600000	17100000	113000	286000000	23.46498721	0.248386013	0.032027561	0.021466679	6.18	19.1045393444318	3.98670536099971	58.67	400.565	1947.29836371513	949.471033006213	391.182104064768	103.6353	89.82	1.5	0.18	1102.98761946936	5516.17178834151	6.10150150269138	1.41984728328279	19.74	19.74	NA	98.4	78.6915069057926	30.4	0	98.4	49.4258915687487	6.8	27.1317769532055	0	0	35.38	431.395	2.16
AEW31	ALB	forest	9.3	18.114	NA	0.028	12.21	27.795	39.5066666666667	94.9467719732793	4720000	131000000	318000	44200000	18.11382779	0.470603684	0.013827864	0.036184101	4.19	19.9811656377524	4.81731527267502	36.02	542.316666666667	1357.43415957517	1306.71757287642	344.631789395986	112.68808	72.83	0.378571428571429	0.11	748.866710986186	4676.2006058035	7.38080039687158	0.823505872011899	NA	NA	NA	NA	NA	NA	NA	NA	NA	NA	NA	NA	NA	25.3366666666667	298.303333333333	0.416
AEW32	ALB	forest	12.7	17.469	0.227	NA	12.96	35.58	30.8566666666667	234.730049145906	74400000	6260000	93300	98200000	17.46850197	0.520461582	0.021322954	0.05095506	6.86	19.5789473684211	2.43971313461842	74.45	375.91	1288.42316908548	1979.79521310109	282.593186043535	139.61784	104.68	1.04285714285714	0.18	1466.47537941252	6064.33802367131	12.3728118764517	1.29844253660469	NA	NA	NA	NA	NA	NA	NA	NA	NA	NA	NA	NA	NA	27.1933333333333	288.26	6.416
AEW33	ALB	forest	11.9	14.523	0.152	0.004	14.41	37.09	30.38	144.263019576757	27500000	5790000	157000	68300000	14.5230211	2.89625701	0.015472911	0.05476916	4.66	12.9221052631579	1.32926134462419	44.47	347.413333333333	1230.440392291	1336.49	252.198119217668	37.37209	91.8	1.83571428571429	0.14	1119.37575072879	7426.91161583326	9.02708840933415	1.31603959458229	NA	NA	NA	NA	NA	NA	NA	NA	NA	NA	NA	NA	NA	34	360.636666666667	3.28
AEW34	ALB	forest	12.1	9.885	NA	0.015	13.7	33.435	25.4566666666667	107.626981202375	1170000	33900000	979000	92000000	9.8854294	2.283269916	0.019230333	0.036451764	3.66	18.5924112607099	3.6071216635463	38.84	290.87	635.971136834292	427.025571738719	160.35322293511	52.30254	73.84	2.05714285714286	0.17	812.999200498442	5077.10523821426	16.7681839926049	2.65762876798427	0	0	NA	NA	NA	NA	NA	NA	NA	NA	NA	NA	NA	24.39	278.086666666667	0.036
AEW35	ALB	forest	9.3	13.999	NA	0.011	14.34	32.265	53.425	144.644838307526	1840000	3110000	0	10200000	13.99889367	0.453313343	0.027509128	0.034211996	2.49	17.2908366533865	3.05150851509996	44.58	691.495	1223.55336425694	1001.87510363612	315.44828861266	105.16383	88.18	0.971428571428571	0.22	991.57374997389	6880.6961804716	2.08153229272955	1.27790226904479	NA	NA	NA	99.2	NA	22.8	NA	98.8	NA	3.6	NA	1.2	NA	27.5233333333333	321.243333333333	2.23
AEW36	ALB	forest	22.6	17.674	0.287	0.013	12.07	29.5833333333333	31.8866666666667	103.039090230168	65800000	8810000	268000	48000000	17.67377787	0.362248238	0.026518454	0.014476467	5.36	13.8939144736842	2.58113463579837	39.78	409.473333333333	1732.57	645.302048824577	388.45	90.14165	66.77	0.621428571428571	0.16	792.401240177778	3018.90526579209	5.32131213435946	0.349448696882515	7.41	3.64	15.38	96.4	NA	26.4	NA	94	NA	9	NA	0.6	NA	44.48	427.106666666667	12.382
AEW37	ALB	forest	12.5	18.056	0.251	0.027	12.45	26.8866666666667	24.3666666666667	101.537979965567	237000	36500000	520000	408000000	18.05563181	0.531276429	0.02508249	0.028004589	3.15	10.9205284126651	1.02557683024994	14.14	317.546666666667	624.617015198661	448.16802462053	129.438067221662	62.2906	61.62	2.30714285714286	0.15	654.468967164179	4089.49516011066	4.22607244666659	1.0422465724159	0	0	0	97.6	71.6584118495883	19.2	1.12745098039216	97.2	47.0924369747899	6.8	19.896528308293	0.2	4.97972370766488	26.52	312.636666666667	2.416
AEW38	ALB	forest	10.6	22.306	0.312	0.021	13.43	23.6266666666667	25.4333333333333	119.821666907498	157000	10700000	22600	112000000	22.30553014	0.240280131	0.030876684	0.028480248	4.67	1.02979341845739	2.05733321116807	33.42	308.66	624.682702391769	1192.02753662237	103.816290544645	54.97168	58.5	3.41428571428571	0.25	802.274893406193	3051.72369664581	1.55205340690036	1.18678944203011	NA	NA	NA	90.8	NA	32	NA	90	NA	3.2	NA	0.6	NA	25.5066666666667	311.3	2.716
AEW39	ALB	forest	11	15.629	0.244	0.002	13.11	35.03	30.25	161.65495686517	52600000	13100000	79700	76800000	15.62891643	0.493507038	0.016353482	0.025495692	4.52	23.5921828146004	1.97959602045796	34.07	405.966666666667	761.764181086631	996.826972498336	160.461817840469	40.30091	61.9	2.52142857142857	0.22	765.197820368794	3755.24057603704	8.12272578550252	1.90048919425931	0	0	NA	97.6	71.5796703296703	29.2	0.384615384615385	95.2	53.1364468864469	7.2	18.889652014652	2.4	1.54532967032967	27.74	358.75	1.646
AEW40	ALB	forest	12.1	5.11	NA	0.001	11.46	31.2	28.76	107.108096343887	167000000	27700000	978000	610000000	5.109531438	0.292007854	0.038542754	0.032230904	4.97	13.3347120256437	3.43894749532266	45.6	369.266666666667	832.239557392345	841.26	205.045826521697	78.31689	79.76	3.35714285714286	0.13	874.675980413616	4739.80969458752	5.57882905244355	1.78284211722061	34.44	34.44	NA	93.2	49.1798941798942	14	2.39197530864198	88	14.7927689594356	11.2	14.5083774250441	2.6	6.85956790123457	29.47	367.455	0.686
AEW41	ALB	forest	9.3	10.251	0.571	NA	12.31	40.27	32.1266666666667	105.387686155082	23600000	45700000	473000	365000000	10.25112385	0.505119718	0.038304136	0.029951507	7.21	12.9747828816574	1.77853890691613	29.48	413.333333333333	903.74521154297	765.809649350433	220.000447321355	73.78999	62.54	2.75714285714286	0.11	767.248396263473	5327.21098952411	6.78682179556727	1.63301714473269	13.28	13.28	NA	NA	73.3531746031746	NA	1.78571428571429	NA	12.3015873015873	NA	35.0892857142857	NA	1.28968253968254	24.5333333333333	310.15	2.686
AEW42	ALB	forest	11.1	9.03	NA	NA	12.57	24.8133333333333	27.6633333333333	113.940641893737	49700000	15100000	442000	197000000	9.03004606	0.19284589	0.03007316	0.024908356	5.34	17.1203155818541	1.3180843519642	45.65	360.67	1324.00416299357	1013.81	233.927340604919	57.25701	67.43	1.50714285714286	0.11	695.747125710738	4845.00181361662	2.73308999635013	1.10017961630394	23.53	23.53	NA	84.4	72.7708333333333	18.8	0	79.2	25.1992521367521	4.4	23.2924679487179	2.8	12.6527777777778	28.095	339.195	0.956
AEW43	ALB	forest	10.2	6.052	NA	NA	11.07	32.15	40.575	71.6459431998406	3370000	24500000	203000	157000000	6.052135903	0.170127349	0.013129231	0.014732963	42.5	46.4322862492199	34.579935475591	20.92	519.97	467.63308922799	310.256263034785	172.141689658852	47.2603	37.92	1.55	0.11	521.08529316114	4124.13700372861	4.37134150192492	1.20850769002671	0	0	NA	98	78.2936507936508	19.6	0	97.6	17.6904761904762	5.4	35.4960317460317	0.2	3.47222222222222	36.675	431.72	0.126
AEW44	ALB	forest	11.8	11.275	0.269	NA	12.31	26.6333333333333	29.9766666666667	139.495546616983	48400000	10200000	198000	156000000	11.27482092	0.657829818	0.022330236	0.028908245	4.69	5.95655806182122	3.49005116206337	35.22	368.83	1139.9045669153	946.648753642666	276.337937912066	89.77109	64.33	3.02142857142857	0.15	898.689980767677	7659.86557333411	4.86545673287207	1.01536584090878	0	0	NA	98	NA	57.2	NA	97.2	NA	6	NA	2.4	NA	27.4966666666667	323.14	1.776
AEW45	ALB	forest	12.6	1.127	0.35	NA	12.23	38.67	30.99	158.87857396968	33500000	121000000	1260000	236000000	1.126593553	0.373252892	0.035278737	0.027864535	4.45	2.53942248617653	1.12394237598323	44.8	382.025	2170.07485581714	855.573293338735	312.559637373873	16.56931	66.41	1.16071428571429	0.12	1052.5259324878	6759.15355809884	2.04106757406932	0.952024731039775	0	0	NA	100	NA	26.4	NA	100	NA	3.4	NA	2.6	NA	27.47	333.995	4.516
AEW46	ALB	forest	7.3	8.228	0.254	NA	12.86	36.89	33.255	88.6406172329552	5330000	9560000	762000	116000000	8.227604836	0.461225317	0.026176473	0.026312491	10.02	26.4968421052632	17.7406306676282	27.92	459.1	1368.76966994825	816.572600821426	259.635133313702	49.07319	56.17	1.48571428571429	0.12	605.11372738923	7503.82490370506	9.92801641801101	3.65726049715565	12.26	12.26	NA	97.6	93.999518999519	34	0	96.4	35.6541606541607	3.2	44.2606335463478	1	0.340136054421769	26.3	318.906666666667	0.886
AEW47	ALB	forest	13.6	0.301	0.234	0.002	12.85	35.805	27.9266666666667	120.381091240419	6080000	24500000	891000	106000000	0.301158556	0.70392794	0.018043709	0.034310075	3.36	7.96518856195607	5.28321954329134	14.53	391.77	1583.59663418495	1121.83249484861	239.776004631623	87.25513	69.15	1.59285714285714	0.13	807.219336093309	6669.7553947304	5.11277337739955	1.9359039829161	9.09	9.09	NA	99.6	53.2967032967033	41.2	1.05820105820106	99.6	47.3575498575499	2.4	4.02574277574278	0	2.77777777777778	22.18	286.683333333333	0.626
AEW48	ALB	forest	12.6	20.778	NA	NA	12.18	28.6433333333333	34.395	107.158130716208	175000000	77900000	1640000	205000000	20.77798228	0.199113021	0.030019001	0.034052623	4.27	0	4.32981669690434	34.55	442.005	1459.43430772503	851.481553118027	435.060921173027	88.91088	61.23	1.92142857142857	0.14	793.046052676218	5505.40126197317	5.61195553486443	1.52845816896076	5.1	5.1	NA	90.8	79.114933540159	32.4	0.75187969924812	86	39.7644900828371	2	28.2480764998601	1.6	4.17397660818713	27.425	353.05	0.942
AEW49	ALB	forest	NA	29.649	2.228	0.032	12.65	25.9966666666667	27.47	162.837009228923	324000000	179000000	609000	894000000	29.6485372	0.384686805	0.033438419	0.042156654	8.28	12.180746561886	1.88245468720011	57.84	309.415	2154.26268803124	1038.27309204651	380.973976390946	84.1837	78.11	1.20714285714286	0.18	1009.65526588235	5190.97782339691	3.56765163527073	0.992001663463629	22.41	22.61	0	92.8	53.8630952380952	34.8	2.45833333333333	88	32.1547619047619	0	13.1279761904762	3.8	1.07291666666667	28.34	337.405	1.33
AEW50	ALB	forest	15.1	22.41	NA	NA	13.19	26.9266666666667	27.5033333333333	159.916828255715	584000000	130000000	755000	675000000	22.40976807	0.411760006	0.033908222	0.030580932	4.93	21.7543859649123	2.73303411223557	34.52	387.523333333333	1922.98451832046	1371.99511738693	288.123352957355	119.22022	104.76	2.57857142857143	0.17	1018.3519372549	9525.85188935854	4.19332837640777	2.56834266452763	0	0	NA	95.2	67.6848290598291	30.8	1.80555555555556	85.6	42.4348290598291	4.4	17.1114926739927	16.6	7.32722832722833	25.1633333333333	316.136666666667	5.66
HEW01	HAI	forest	10	713.181	0.174	0.036	12.54	34.36	24.0066666666667	75.0849466997344	55600000	20700000	302000	53200000	713.1814187	0.174059891	0.035738374	0.033200912	4.83	0.757406087753232	0.852345291044734	25.08	254.893333333333	1778.33663736654	639.341809401861	228.057296574025	72.63814	47.19	1.35714285714286	0.22	486.863415675259	2807.94904950719	8.12617080212007	2.13120043557701	6.25	6.25	NA	NA	NA	NA	NA	NA	NA	NA	NA	NA	NA	36.0066666666667	398.896666666667	6.541
HEW02	HAI	forest	7.7	57.893	0.434	0.025	15.23	35.98	28.1	45.619884883728	20700000	70100000	827000	31100000	57.89318834	0.433623041	0.0252707	0.040004323	5.16	8.77808556478917	9.18692119946919	20.52	303.17	1055.18370342767	704.984891737095	181.580421559493	79.8982	42.47	1.42857142857143	0.17	371.52896	3386.37079874563	2.55863318126852	1.12959594930535	12.82	12.82	NA	NA	NA	NA	NA	NA	NA	NA	NA	NA	NA	NA	NA	18.957
HEW03	HAI	forest	4.7	38.764	0.232	0.018	15.8	36.48	28.43	40.9970774065526	8150000	38400000	31400	11300000	38.76376825	0.231823646	0.017857873	0.045270573	7.1	34.6871114794861	4.79106834706888	15.64	336.12	753.663323483588	660.163820670516	292.740796833478	60.91719	44.4	1.42857142857143	0.18	354.654835315315	3010.80961648538	7.54966800802969	1.62323061510504	50	50	NA	NA	NA	NA	NA	NA	NA	NA	NA	NA	NA	28.78	301.126666666667	5.589
HEW04	HAI	forest	10	46.747	0.361	0.011	12.67	52.55	31.735	113.85888308557	1540000	1780000	220000	6810000	46.74688849	0.360838208	0.010680383	0.021795513	5.48	1.04005032501573	1.37454724366566	31.33	340.69	2534.23539011338	1148.4271808027	307.0225611872	87.09457	48.3	0.607142857142857	0.16	783.693195138814	4194.86652356279	2.5160216432176	0.840820617334336	NA	NA	NA	62.4	NA	11.6	NA	52.8	NA	2	NA	5	NA	33.955	404.84	26.789
HEW05	HAI	forest	9.3	37.47	0.513	0.012	12.64	35.45	23.9133333333333	81.3539030932963	34300000	21500000	453000	12800000	37.47003896	0.513154571	0.011797992	0.017402731	3.86	43.7632091925721	1.83282497914536	12.41	267.646666666667	851.753489526598	363.51	173.250276766848	78.80096	44.94	1.85714285714286	0.15	517.63544618256	4594.53900878415	7.21611268824923	1.5095408038171	2.48	2.48	NA	57.6	61.922619047619	12.8	10.1666666666667	37.2	46.297619047619	3	3.22916666666667	10.6	4.60416666666667	32.2133333333333	382	10.94
HEW06	HAI	forest	NA	34.996	1.281	0.008	12.46	38.56	28.235	35.1667858289469	3050000	25100000	205000	3870000	34.99553325	1.281162716	0.007975629	0.021218263	7.43	19.7456312687416	2.28497743828358	15.35	349.815	260.81	217.5997390243	133.021923143438	30.56786	23.04	2.14285714285714	0.18	261.006179271111	2358.9922920146	3.57484277545974	1.60000396659042	0	0	NA	87.6	85.4761904761905	10.8	0.476190476190476	47.6	45.9920634920635	2.6	23.2738095238095	29	15.4761904761905	29.0733333333333	362.743333333333	5.775
HEW07	HAI	forest	8.1	17.351	2.235	0.011	13.95	34.47	23.6866666666667	35.4470682429989	9180000	19600000	199000	11600000	17.35075439	2.23513647	0.011193151	0.021899938	5.88	NA	1.87361445965822	13.37	262.693333333333	489.719857134291	297.23	154.548399949775	48.82803	29.29	1.71428571428571	0.23	267.243508622222	3453.71931194042	4.42126839018964	1.66718559251453	13.41	13.41	NA	47.6	54.1369047619048	12.4	1.25	25.2	44.2559523809524	1.2	4.73214285714286	7.8	1.45833333333333	22.8333333333333	277.146666666667	9.483
HEW08	HAI	forest	8.4	27.56	0.363	0.016	13.93	36.98	32.88	32.0387377630936	17600000	17100000	86400	22800000	27.55987624	0.363148764	0.016429965	0.011505478	3.7	9.56331422615946	1.14701457863568	10.32	352.415	788.749525977352	300.072700784071	150.4351537898	34.53948	28.17	1.28571428571429	0.15	220.4370368	1885.26139372978	3.40803989435243	1.10254550559169	24	24	NA	76.8	72.1995330520872	16	1.63778082083036	39.2	40.9358471121242	3.6	3.01564856711916	26.6	22.7811043445718	34.0666666666667	390.186666666667	3.804
HEW09	HAI	forest	14.1	22.168	0.73	0.018	12.79	32.47	24.7266666666667	41.0699209125117	13200000	54100000	244000	8020000	22.1680403	0.730248635	0.017525181	0.023549835	6.66	25.5433103306211	2.28624908611401	14.15	317.596666666667	349.272721073529	449.552190434094	137.266223528644	46.05694	30.56	1.96428571428571	0.21	301.442578204444	3033.13376029069	4.03248350665324	1.5290607280044	1.82	1.82	NA	74	64.4265572390572	12.8	0	51.2	50.5061026936027	6.4	13.61780002405	13.2	5.46875	23.21	312.35	4.974
HEW10	HAI	forest	23.8	35.447	0.981	0.018	12.5	42.54	31.275	122.095728559234	6550000	21300000	65800	21700000	35.44713333	0.980875844	0.018047049	0.029818363	5.82	9.951016154247	2.00394383062489	59.77	406.395	609.78	734.547381468358	256.160448972194	12.61134	52.15	2.17857142857143	0.13	852.635840654397	4086.6409326362	3.58515995274627	0.609525267763707	14.29	14.29	NA	70.4	83.5833333333333	7.6	2.5	46	58.4166666666667	6.4	15.8333333333333	13.8	11.4166666666667	28.41	340.803333333333	6.757
HEW11	HAI	forest	6.7	94.94	1.004	0.017	12.36	31.39	24.9933333333333	65.4035674759943	147000000	11500000	153000	16900000	94.93995003	1.003814879	0.017241149	0.027026847	4.79	9.10350532519905	2.90430076914204	25.35	241.46	1023.54449458031	850.12982251842	246.891839013583	46.20381	38.5	1.5	0.18	541.584619140741	4412.65977148831	1.60477287971567	2.24521024161215	6.25	6.25	NA	66.8	78	14	0	38.8	48.6666666666667	2.6	15.8333333333333	14.2	12.0416666666667	29.0866666666667	362.42	9.343
HEW12	HAI	forest	6.4	71.918	0.34	0.023	13.43	29.9	22.8133333333333	372.635979146034	277000000	36900000	216000	4930000	71.91844564	0.339513686	0.023242019	0.027129107	5.4	14.7861842105263	1.23260069189386	10.82	240.33	242.361969272038	259.949757269181	119.87	22.02791	21.19	1.92857142857143	0.28	1148.05342198133	2718.46787719091	1.59252111158255	3.73586530530876	0	0	NA	79.6	94.6666666666667	7.6	0	49.2	54.4166666666667	3	15.8333333333333	29.2	38.5833333333333	25.9	336.353333333333	11.872
HEW13	HAI	forest	13.2	57.5	0.151	0.028	15.13	33.34	38.85	142.650894956379	5510000	17900000	29000	33300000	57.50042492	0.15096831	0.028078582	0.028408793	6.81	0.390018871880898	2.03861619938333	27.61	352.423333333333	1917.93940814562	1147.17	249.163655611926	76.71859	72.71	1.17857142857143	0.23	804.268188444444	2515.14517388143	4.37733973593673	5.35480792292196	38.46	38.46	NA	NA	NA	NA	NA	NA	NA	NA	NA	NA	NA	35.8466666666667	387.296666666667	5.09
HEW14	HAI	forest	6	33.576	0.91	0.01	13.22	34.84	26.1933333333333	68.7710884068769	565000	1960000	396000	14600000	33.57627009	0.910330615	0.010245879	0.023805756	4.4	8.529442417926	1.79746165446798	20.48	268	494.683577129608	584.921258254606	212.927642181135	65.86255	45.58	1.35714285714286	0.15	525.786697630476	4956.78711951307	4.6387535926805	6.06132875659404	NA	NA	NA	71.6	NA	12	NA	53.2	NA	4	NA	9	NA	26.9566666666667	331.433333333333	12.128
HEW15	HAI	forest	NA	64.634	1.815	0.02	16.21	35.69	24.8233333333333	27.5874345261273	53700000	32900000	36300	7800000	64.63420466	1.815270127	0.01950666	0.022746274	4.63	11.3054289266473	1.20759643437991	8.38	277.996666666667	146.208003866703	229.85276200147	68.5532225432508	24.271905	21.12	2.03571428571429	0.12	186.182438787879	2519.22665956059	4.02422162023736	6.06727199909141	0	0	NA	87.2	NA	16.8	NA	79.6	NA	5.8	NA	10.6	NA	25.7966666666667	320.5	7.746
HEW16	HAI	forest	4.7	58.345	0.673	0.022	12.11	37.93	24.6933333333333	81.5175758042176	26200000	19100000	59200	29700000	58.34542217	0.672522031	0.02202317	0.02197519	4.47	11.265664160401	2.12444818235879	49.23	238.993333333333	1405.87164148906	902.889491210069	244.428125650649	44.26221	33.68	1.25	0.17	527.056378610526	4442.49136895839	3.19880854081677	0.613070530835134	0	0	NA	75.2	59.6309523809524	8.8	2.85714285714286	58.4	26.2619047619048	8.4	0.833333333333333	13.2	17.9642857142857	33.6833333333333	383.683333333333	16.35
HEW17	HAI	forest	8.5	54.852	14.548	0.022	15.25	37.2	24.1733333333333	27.9388937775753	823000	17900000	397000	4930000	54.85175479	4.849400835	0.007198899	0.031294335	7.02	17.4465867639395	1.30838679460209	10.61	257.72	179.116945178355	262.816591162101	71.3084402233543	28.45747	27.71	1.85714285714286	0.23	254.863540740741	2683.26020168282	6.93191400220588	8.36780135370011	NA	NA	NA	62.4	NA	5.6	NA	47.6	NA	4.4	NA	7.8	NA	27.2133333333333	352.67	8.678
HEW18	HAI	forest	8.7	36.898	1.995	0.013	12.99	38.38	31.2	54.6142724072144	418000	1750000	54000	7370000	36.89792831	1.995399407	0.012525267	0.023633153	3.66	9.11860489547221	1.1301948151009	23.57	325.066666666667	1147.77012102013	689.483464205039	180.92	53.69261	35.64	1.32857142857143	0.17	472.009058937198	5394.04827915295	1.33523231076844	0.142812432482144	0	0	NA	88	NA	12.8	NA	79.2	NA	7.6	NA	7.6	NA	40.9633333333333	429.326666666667	25.379
HEW19	HAI	forest	11.1	53.914	0.327	0.017	11.41	36.795	28.205	NA	1720000	11000000	212000	56800000	53.91353963	0.327473714	0.016863944	0.024555624	7.3	18.5552115583075	4.61578746361832	19.32	310.455	893.008403675814	295.761759098381	186.982530225879	43.69608	32.41	1.67857142857143	0.2	NA	3121.99556660927	7.03251854714459	6.32962216379618	2.08	2.08	NA	74	78.6805555555556	12	4.55555555555556	40	51.3194444444444	5.8	10.6944444444444	20.8	19.5	35.2966666666667	425.173333333333	7.998
HEW20	HAI	forest	NA	113.954	0.409	0.031	12.98	37.635	31.2033333333333	58.2003888697989	3530000	6330000	26500	18600000	113.9537025	0.408775366	0.031368138	0.029045618	5.86	4.23953584749275	1.26892396141956	25.67	319.563333333333	540.474919210022	455.227707305989	118.489781820655	46.12356	32.61	1.92857142857143	0.14	412.639313074272	2881.09050960006	3.32588950096393	4.61907259216166	5.8	5.8	NA	75.2	76.7519841269841	8	3.36111111111111	34.8	57.4761904761905	1.8	4.56150793650794	27	18.9434523809524	28.2833333333333	350.253333333333	6.207
HEW21	HAI	forest	NA	47.619	1.604	0.025	12.47	31.91	26.18	47.6353137195126	14000000	56900000	199000	78600000	47.61866869	1.604297327	0.025491806	0.018129855	3.56	6.2155388471178	0.930656096774394	18.44	288.753333333333	374.61	398.097062151631	190.154376326034	33.82626	29.67	2.03571428571429	0.12	348.157857545894	3346.03008243847	7.17703791573542	0.636839854540575	0	0	NA	85.6	89.6111111111111	10.4	0	57.6	60.9007936507937	6.6	39.0833333333333	25.6	2.45833333333333	26.3266666666667	340.143333333333	5.637
HEW22	HAI	forest	7.2	34.57	7.606	0.034	13.95	33.01	32.36	40.2266023494302	202000	19400000	90800	21100000	34.57030695	3.802769012	0.016920473	0.014769594	3.08	3.36675020885547	0.835746795503122	10.01	343.075	229.034712323567	198.11	143.339286987822	30.45222	23.7	1.39285714285714	0.15	262.6134757018	2647.35044668374	6.17109038338878	2.63585743924705	0	0	NA	72	62.9940476190476	16.4	1.875	26.4	54.3690476190476	1.4	2.08630952380952	28.4	11.25	31.4633333333333	388.173333333333	8.161
HEW23	HAI	forest	10	59.848	0.376	0.018	12.57	31.235	26.5933333333333	53.8377291625213	24200000	18700000	200000	38000000	59.84840101	0.375717149	0.017787913	0.017820398	7.28	3.63293920686408	1.83511725848827	12.34	275.64	653.135858910704	520.011930246739	281.592876319715	45.32226	35.21	1.67857142857143	0.18	427.924628027211	4786.1427168745	6.23058463452544	1.41682454721812	80	80	NA	73.6	74.4871794871795	10.4	7.69230769230769	20.8	49.2307692307692	4	15.1923076923077	29.6	3.01282051282051	27.56	340.623333333333	11.131
HEW24	HAI	forest	21	43.519	12.759	0.019	13.74	31.445	28.7966666666667	25.2273895503707	7750000	10200000	198000	7550000	43.51859091	4.253143468	0.006323924	0.016967366	3.41	9.58228905597327	1.40134376363027	8.35	301.923333333333	255.974533952394	219.392322287262	102.559433191652	NA	22.16	2.39285714285714	0.23	253.259807751938	3069.18101562654	5.73771178980726	2.0680528201838	3.85	3.85	NA	72.4	74.1369047619048	9.6	0	30	36.3541666666667	5.8	29.985119047619	23	1.80059523809524	25.3766666666667	323.09	6.56
HEW25	HAI	forest	12	43.709	0.557	0.018	12.74	34.355	24.48	73.1348303919013	34500000	41500000	612000	49400000	43.70899334	0.556749982	0.018406375	0.020063512	3.41	6.51328921105158	1.68352675311053	20.21	252.956666666667	689.319991335046	406.27	157.521353738279	61.1388	40.45	1.53571428571429	0.23	548.069066666667	3990.90399104997	6.55622717225152	1.74390661012365	11.11	11.11	NA	66.4	48.2222222222222	9.2	3.72222222222222	29.6	33.4543650793651	3.8	5.13392857142857	20	6.64880952380952	24.94	307.883333333333	8.824
HEW26	HAI	forest	1	32.862	0.914	0.019	14.95	34.075	29.06	23.7576533519787	12000000	6560000	266000	38700000	32.86198261	0.914292909	0.019164811	0.017626726	3.24	6.31995007281049	1.62488644923676	9.98	323.083333333333	313.264975716851	283.995280984974	177.927364289318	34.78142	24.79	1.57142857142857	0.16	197.084018136925	2243.8833665532	5.83527343939065	1.75363724201716	25.64	25.64	NA	68.8	70.3383458646616	11.6	3.94736842105263	28.8	51.6416040100251	9.4	3.03258145363408	18.8	15.5827067669173	27.5066666666667	343.536666666667	3.586
HEW27	HAI	forest	9.5	155.168	0.223	0.026	12.93	39.415	32.055	107.867513381176	12000000	22800000	712000	118000000	155.1682147	0.222663269	0.026211698	0.033012039	5.36	8.41687552213868	1.12624649087526	29.6	311.07	1381.32	746.620421452145	203.975914585214	68.10924	51.11	1.57142857142857	0.11	747.791650184739	2779.58604916348	4.05268824835947	1.78052944508483	7.41	7.41	NA	76.8	62.5281593406593	12	0.801282051282051	26.8	46.0141941391941	2.8	1.89022435897436	33.4	10.8771749084249	33.02	391.26	4.314
HEW28	HAI	forest	13.1	186.16	0.253	0.014	13.81	38.73	26.345	55.908942799475	22400000	7930000	85000	73900000	186.1599872	0.253373896	0.013842512	0.023846051	4.77	0	1.27590705546255	12.96	283.66	800.522239804891	577.858734535184	138.662063530185	42.18166	45.36	1.71428571428571	0.13	365.377506659026	1988.66506383042	6.00083447780921	1.80287799646454	0	0	NA	76.8	52.4816759812337	8.8	5.07468866988991	32.8	41.0762156864545	1.8	0.812126470021207	32.4	7.23142743377153	26.2	328.85	2.845
HEW29	HAI	forest	NA	38.394	0.525	0.016	13.95	31.26	23.3533333333333	19.3628360253746	99100000	13000000	590000	8730000	38.39352645	0.525434071	0.016146593	0.037170239	5.3	20.8066701406983	1.33408032203513	11.51	239.736666666667	217.188792100279	231.741223980311	109.784117870661	25.86958	26.32	2.10714285714286	0.17	228.954640045584	2589.09426938401	4.1638305113588	2.26835351684929	0	0	NA	76	74.2361111111111	13.6	1.11111111111111	42.8	65.8055555555556	7.6	12.1458333333333	21.4	1.875	23.07	296.276666666667	4.127
HEW30	HAI	forest	12.1	10.792	0.57	0.018	12.57	30.69	23.5666666666667	39.133601038874	9980000	6420000	380000	13000000	10.79222278	0.570446897	0.018101313	0.035731301	4.62	5.87111479486117	2.37690817117973	11.44	247.763333333333	202.025710596887	280.400181695076	96.4820645128355	31.391835	34.31	3	0.2	389.710220732984	2483.20668423086	4.27273599371764	1.99580548796507	0	0	NA	68.4	70.2002164502164	15.2	0	38	62.8841991341991	3.6	9.61489898989899	15.4	2.71374458874459	21.3866666666667	268.906666666667	7.044
HEW31	HAI	forest	11.6	7.799	1.878	0.014	12.63	29.925	23.49	23.2079319720661	1310000	6910000	578000	17100000	7.798563906	1.878014606	0.014283836	0.03399791	4.32	21.1488960971016	3.16662327212395	14.41	263.68	369.763091462676	318.405009984314	138.741727069996	39.6607	33.88	2	0.24	315.041449017713	3091.04470589153	5.02754109039962	2.43555923955059	0	0	NA	61.6	70.9285714285714	10	1.66666666666667	35.6	49.1190476190476	1.2	13.0535714285714	15	9.59523809523809	21.1	273.56	5.535
HEW32	HAI	forest	10.7	10.408	0.998	0.024	12.84	32.385	25.0366666666667	25.9824740063668	103000000	6810000	961000	8870000	10.40750057	0.99833714	0.023990241	0.047545608	2.52	7.29488391637777	1.63215963263627	7.57	265.49	364.652543230818	375.985845620853	144.586383731241	23.124215	37.09	1.75	0.19	195.062619259259	4432.04635430287	5.10254399335105	2.3265217339248	0	0	NA	62	57.9861111111111	9.6	0	48.8	47.9305555555556	3.6	5.5	5	2.11111111111111	23.57	290.173333333333	7.756
HEW33	HAI	forest	3.9	22.324	0.294	0.016	14.18	44.4	40.125	30.211227631244	4900000	15400000	429000	36800000	22.32355322	0.293681177	0.015763389	0.020938356	5.36	7.63993316624896	1.31822808849325	11.27	446.225	397.092488678789	233.133273220321	114.901115504911	35.92656	28.18	1	0.18	276.709402892929	2967.67317138836	4.25445966312547	2.15223359260014	8.05	8.05	NA	78.8	81.833152958153	16	6.55176767676768	58	48.2941919191919	2.8	5.68253968253968	21.4	25.6634199134199	31.9933333333333	389.11	5.473
HEW34	HAI	forest	0.9	47.903	0.398	0.022	11.84	36.135	30.075	63.0242518708161	3340000	2320000	699000	70700000	47.90339567	0.397844665	0.022109017	0.041592376	5.24	13.413771583108	1.89986993909029	23.19	336.63	762.988450740604	489.63452761658	262.281631715708	44.87348	38.77	1.53571428571429	0.23	489.500442624	4007.88768926458	4.06277785664651	1.75376309774913	50	50	NA	68.8	95.1190476190476	7.6	2.25	33.6	88.4523809523809	2.4	0.357142857142857	20.6	17.9166666666667	27.525	380	8.534
HEW35	HAI	forest	6.7	23.034	0.413	0.019	12.44	30.895	23.6733333333333	75.1887607302804	1920000	3980000	319000	37000000	23.03439929	0.41318336	0.019291768	0.0267111	4.61	8.01477377654663	2.4915351380582	17.32	243.05	704.804178854033	524.226485751258	175.989994269863	40.46269	37.09	2.42307692307692	0.37	476.683482961379	4281.64635442917	2.84724493179073	1.22988335559754	0	0	NA	73.6	73.375	10	3.625	63.2	59.8333333333333	3	7.5	2.2	5.20833333333333	28.4266666666667	354.743333333333	3.737
HEW36	HAI	forest	2.6	65.317	1.218	0.009	12.84	33.79	26.6633333333333	72.1437398831576	18900000	1700000	215000	16300000	65.31749305	1.21758795	0.009089277	0.028875754	5.14	10.2704969595303	1.28263278933218	19.6	272.143333333333	483.25	530.08	134.608760953823	48.21645	38.51	1.67857142857143	0.25	509.20421179883	4832.78523688392	5.26034137662626	0.96105098163247	NA	NA	NA	68.8	70.211038961039	11.2	0	31.2	52.5281385281385	3.4	2.23809523809524	24	14.1569264069264	29.3033333333333	367.856666666667	12.3
HEW37	HAI	forest	6.4	19.009	1.065	0.018	12.62	40.485	32.4	75.2618198732591	173000000	14000000	556000	108000000	19.00940337	1.06534363	0.018423452	0.026864291	4.01	8.91714434601355	0.92285418823558	15.96	390.335	386.143606771179	332.67	111.148504047907	46.25261	32.24	1.96428571428571	0.24	533.836303495311	4367.08873295363	3.66112770597059	1.75544366084079	13.92	13.92	NA	62.8	77.2613636363636	9.6	0	33.2	61.4724025974026	1.6	0	19.4	17.6931818181818	31.05	395.883333333333	3.679
HEW38	HAI	forest	3	113.458	0.169	0.026	13.04	39.075	31.56	80.2588801995192	18500000	15300000	445000	99900000	113.4581511	0.169067189	0.025744175	0.031446697	6.46	18.8134351784033	1.92547751524492	18.48	354.22	972.81286663372	547.851639101633	270.064026322726	45.10444	54.6	2.14285714285714	0.23	580.069547707317	3805.54862931765	3.80425656955756	1.72318073861503	25	25	NA	72	87.962962962963	6	0	51.6	72.2222222222222	7.2	0.925925925925926	12.8	22.2222222222222	28.4966666666667	353.546666666667	8.45
HEW39	HAI	forest	5.3	48.428	1.828	0.012	12.64	34.525	26.3766666666667	47.0724912840173	4030000	21600000	604000	35100000	48.42822713	1.827919617	0.012212199	0.027078483	7.49	24.0168421052632	1.5212851229317	18.11	345.526666666667	441.520293503172	411.969472974989	131.571458965898	48.1195	32.33	1.57142857142857	0.16	422.50527	3907.0579775051	4.81161251937982	2.45232211479395	27.78	27.78	NA	70.4	80.3273809523809	12	1.66666666666667	40.8	56.4047619047619	3.2	12.0625	14.6	26.4613095238095	28.9866666666667	361.193333333333	11.22
HEW40	HAI	forest	5.9	454.473	0.167	0.027	12.06	39.55	30.1466666666667	115.615340499397	173000000	4360000	200000	108000000	454.4729497	0.166989626	0.026692258	0.026871819	5.7	5.82706766917293	1.45998761687249	30.41	303.68	1862.59841440372	767.562125234921	257.234506726836	68.38961	50.12	2.39285714285714	0.27	717.42977788377	4009.53319700807	3.9741858952086	1.88772041486453	24.24	24.24	NA	72.4	85.8333333333333	14.8	1.25	42.8	55.8333333333333	2.6	4.58333333333333	18	32.5	32.255	420.17	5.504
HEW41	HAI	forest	NA	51.365	2.955	0.025	12.53	30.68	24.01	42.6057603435309	2090000	1530000	60300	27900000	51.36517694	2.954940615	0.02483433	0.040228025	2.7	3.59011477613484	0.83892058244883	11.67	254.86	332.71	205.086814698906	95.0092009534333	31.72595	24.63	2.07142857142857	0.17	351.021814857143	2682.6807186576	2.49835904168034	1.7305866380343	8.57	8.57	NA	81.2	80	4	0	42	46.6111111111111	1.8	4.90277777777778	35.8	29.8194444444444	23.7266666666667	310.293333333333	8.748
HEW42	HAI	forest	5.9	94.014	2.559	0.019	14.34	32.715	23.24	22.5615940308086	17500000	5150000	294000	22100000	94.01356314	2.558972579	0.018553077	0.026029268	6.28	6.03812681309573	1.82001506828081	7.97	283.33	190.327860743833	219.999808006995	146.710941198905	24.63423	23.74	3.10714285714286	0.18	231.113677374784	2312.9469101289	4.27443698266033	2.26949259362831	0	0	NA	65.6	88.7893772893773	8.8	2.66666666666667	25.2	59.5608058608059	5.6	16.5252747252747	18.2	24.3732600732601	27.22	352.67	4.59
HEW43	HAI	forest	6.4	78.076	0.27	0.015	12.84	36.585	29.63	125.137762637442	6770000	919000	50900	10800000	78.07641673	0.269800428	0.014868001	0.023112771	5.98	7.16615067079464	0.989015829031312	43.73	325.045	1851.17474936825	915.429442600667	216.642973008967	65.9842	51.63	1.25	0.15	868.563192067606	4128.613855077	0.634465382152109	0.154176924868225	NA	NA	NA	77.6	NA	21.6	NA	59.2	NA	7	NA	5.8	NA	31.6266666666667	346.85	21.982
HEW44	HAI	forest	6.7	69.868	0.286	0.023	13.42	33.82	28.2766666666667	106.793493269846	33600000	6890000	145000	46100000	69.86789769	0.285929797	0.022571615	0.028472137	5.62	6.38582758265527	1.32934889681562	29.97	334.866666666667	879.363656991064	606.68	130.023403813916	84.04958	47.59	1.36538461538462	0.16	680.456029506103	4382.31176415943	5.20962074129773	2.09607442652251	0	0	NA	70	NA	21.6	NA	54.4	NA	2.2	NA	10	NA	28.4366666666667	323.583333333333	26.388
HEW45	HAI	forest	2.3	309.187	0.189	0.024	12.5	34.49	26.42	112.472090996292	24200000	8200000	114000	87800000	309.1873823	0.188779847	0.023563483	0.031665437	6.08	12.6106101908157	1.98618789243026	20.62	307.183333333333	1605.78081076249	540.18	209.45	53.9567	59.52	3.38461538461538	0.13	739.458120989518	2893.29823731257	0.730752574804576	0.105280142986244	NA	NA	NA	70.8	NA	5.6	NA	61.2	NA	8.2	NA	5	NA	30.12	334.36	10.839
HEW46	HAI	forest	9.6	32.618	1.012	0.019	12.71	34.32	28.08	41.9103540199703	3840000	3920000	517000	11000000	32.61793501	1.012098814	0.019138134	0.034622667	4.05	8.44582043343653	1.30018574877828	9.89	319.005	476.651829887282	383.973152292278	123.839854039236	40.51243	37.9	2.85714285714286	0.21	373.397613226667	5163.36386233651	5.90637526838763	2.51119484165942	0	0	NA	70.4	64.5227272727273	9.6	1.25	44.4	52.3598484848485	3	2.125	14.6	12.6679292929293	27.3233333333333	324.206666666667	5.86
HEW47	HAI	forest	11	53.157	2.045	0.022	13.36	33.31	24.6766666666667	10.8722215300548	1140000	4100000	482000	44800000	53.15690679	2.045096282	0.02231166	0.020874119	7.12	12.2848297213622	1.0432843843569	16.32	281.076666666667	391.86	556.352707567348	120.330635577291	43.27991	33.14	2.07142857142857	0.16	253.989318957772	4151.36419187039	1.60956798993324	1.74854307684925	9.09	9.09	NA	80.8	75.2254273504274	12	0.5	40.4	56.0831807081807	4.6	9.27648046398046	31.4	18.3814865689866	25.1166666666667	308.393333333333	6.964
HEW48	HAI	forest	12.1	23.032	2.618	0.014	13.22	30.495	23.18	32.9606602917419	356000	3050000	131000	10400000	23.03166034	2.617984951	0.014140442	0.026129829	5.86	16.7073684210526	1.52204031657772	13.5	234.843333333333	331.536790274013	345.939149299531	94.9228132455646	22.7437	27.12	2.92857142857143	0.18	252.934493501259	3201.62228531884	5.19307610575874	2.18904305031529	5.26	5.26	NA	61.2	72.5	15.6	0	22.8	51.6666666666667	2.2	17.9166666666667	17.8	3.33333333333333	25.14	288.036666666667	4.536
HEW49	HAI	forest	4.2	71.503	4.536	0.01	14.83	29.405	27.04	31.7469696537671	12900000	24600000	1050000	15700000	71.50342016	4.535652724	0.01032757	0.022588434	6.3	11.4633890114508	0.713043411969494	11.11	345.86	214.153311689801	203.33	93.47	34.43112	24.11	1.78571428571429	0.31	243.31506921273	2979.77609378878	3.35969792754265	1.73727379720517	9.09	9.09	NA	78	41.7440476190476	13.2	1	64	26.0297619047619	4.2	5.58333333333333	7.2	5.83630952380952	24.8033333333333	299.736666666667	6.22
HEW50	HAI	forest	8.3	141.93	0.391	0.017	11.92	34.065	24.6866666666667	62.7372565843577	5060000	1760000	739000	80000000	141.930127	0.391093678	0.016625285	0.028907682	4.7	0.389243486449723	1.79822059849631	17.82	254.656666666667	585.718965626607	427.613103967444	115.701872720818	48.44177	34.29	1.28571428571429	0.18	439.669581060019	4259.08068623849	2.92746888015903	1.90390381372833	35.23	35.23	NA	88.8	90	10.4	2	35.2	30	2.8	35.1666666666667	40.4	16.6666666666667	24.7133333333333	295.716666666667	9.638
HEW51	HAI	forest	NA	NA	NA	NA	NA	NA	NA	NA	NA	NA	NA	NA	NA	NA	NA	NA	NA	NA	NA	NA	NA	NA	NA	NA	NA	NA	NA	NA	NA	NA	NA	NA	NA	NA	NA	NA	NA	NA	NA	NA	NA	NA	NA	NA	NA	34.1233333333333	345.473333333333	NA
SEW01	SCH	forest	NA	NA	0.091	0.003	23.22	30.5	29.3033333333333	6.64132055464775	7110000	308000	176000	NA	NA	0.092259002	0.003092779	0.051473887	35.5	32.0545962154896	15.9901139082059	19.14	290.503333333333	117.4	172.733207507495	155.035851370329	22.5903	18.75	13.7142857142857	0.52	83.2702169714018	1260.00881549995	NA	NA	0	0	NA	NA	NA	NA	NA	NA	NA	NA	NA	NA	NA	29.11	305.76	0.922
SEW02	SCH	forest	NA	NA	0.159	0.022	17.08	43.4	28.5866666666667	4.3750212461771	75300000	19900000	20100	381000	NA	0.165697641	0.011692731	0.058603305	21.66	18.6280071436075	11.8652442465283	4.88	305.22	130.736436532442	201.640470438941	90.9324764574396	21.832055	20.64	14.2857142857143	0.35	60.6272512732475	1090.32916593167	3.72517677465957	1.28543507327414	NA	NA	NA	NA	NA	NA	NA	NA	NA	NA	NA	NA	NA	26.5033333333333	271.11	6.402
SEW03	SCH	forest	17.6	9.885	NA	0.008	19.86	32.2766666666667	28.7366666666667	6.75439326250769	13000000	140000	277000	NA	7.247517898	0.046873713	0.002640054	0.058058435	54.72	14.1596595037891	25.8607769806403	6.63	300.54	148.174426389239	103.053547390887	127.935827514243	NA	20.66	17.7142857142857	0.2	105.395654997333	1295.83706405958	3.29494936743104	1.66055276152146	100	100	NA	NA	NA	NA	NA	NA	NA	NA	NA	NA	NA	29.0766666666667	261.84	2.312
SEW04	SCH	forest	17.8	8.988	0.275	0.013	20.77	35.0866666666667	26.3866666666667	12.8970862431267	19800000	557000	37200	287000	6.923945813	0.274855279	0.003352523	0.04222809	17.62	21.624895572264	9.341432442972	5.29	281.526666666667	183.05	122.45489280068	135.341012318917	20.92078	24.75	20.2142857142857	0.27	128.859706995885	1701.9047379597	6.04700658290142	2.69065679555277	NA	NA	NA	NA	NA	NA	NA	NA	NA	NA	NA	NA	NA	26.3433333333333	257.04	0.356
SEW05	SCH	forest	16.4	9.313	2.978	0.005	19.38	35.0633333333333	28.2333333333333	12.7766485759361	16900000	394000	6980	NA	6.867556869	3.056434902	0.001075549	0.028880908	23.7	61.6659759635309	7.95131780099711	18.08	332.436666666667	173.176955201548	269.260859166105	84.4646840825391	NA	25.11	15.5714285714286	0.34	181.216737532839	1590.24256586003	4.50245485550273	1.43073518256093	NA	NA	NA	67.2	75	7.6	0	29.6	75	3.2	4.16666666666667	21.2	0	24.82	271.733333333333	5.442
SEW06	SCH	forest	16.4	2.226	2.028	0.054	17.4	36.37	24.2633333333333	10.6394249497847	14100000	2440000	53000	105000	1.841798854	2.028459294	0.009019691	0.045745164	17.38	16.2523039115298	5.69500778024207	27.62	325.47	114.525397906633	297.307431587626	136.27762001925	26.0893	25.93	14.5	0.23	129.818574113774	1733.45408266216	5.97742273764728	2.80579348853234	0	0	NA	74.4	85	5.2	0	54.4	66.25	18.4	29.1666666666667	2.8	0	21.4766666666667	248.143333333333	2.242
SEW07	SCH	forest	15.8	3.904	2.499	0.056	16.29	36.4433333333333	26.48	8.97245172810113	40300000	715000	417000	731000	3.500310707	2.499036597	0.007946866	0.035780898	31.99	52.3637861777732	23.0992983442553	3.75	352.976666666667	94.1333709433554	274.402456203237	41.8507059306299	20.41623	18.71	19.2142857142857	0.24	121.939400626312	1648.64477053845	5.30838772043421	2.19650377192717	0	0	NA	75.6	80.7440476190476	2.8	0	66	67.8273809523809	7	20.625	7.6	0	24.35	259.906666666667	4.592
SEW08	SCH	forest	15.8	2.511	15.15	0.087	16.54	38.16	30.33	11.4356890390583	101000000	2730000	763000	NA	2.149023356	5.050048085	0.009720036	0.039244306	14.61	18.2219906201146	16.107775033144	8.92	387.626666666667	190.540615126563	325.666060367077	99.8221621420646	NA	27.31	12.0714285714286	0.31	148.030569781874	1517.7834144982	2.63438816887189	0	NA	NA	NA	70.4	80	6	0	52.4	80	4.4	0	11.6	0	23.0633333333333	225.586666666667	7.292
SEW09	SCH	forest	14.5	2.368	NA	NA	19.19	37.8966666666667	27.16	11.8067695327112	9450000	29500	17900	NA	1.977894991	0.025663626	NA	0.031006263	19.16	19.3850964043773	13.4877519316668	16.38	309.526666666667	207.503035355001	171.178874440426	44.4032881909528	25.96617	20.11	17.7857142857143	0.22	124.689772772532	1131.43461249965	4.89447103475869	1.33532434298299	NA	NA	NA	58.8	NA	6.8	NA	40.8	NA	3.2	NA	8.4	NA	24.3033333333333	256.79	5.182
SEW10	SCH	forest	12.1	18.681	0.143	0.064	17.95	51.2833333333333	32.82	10.3404349731606	45100000	941000	377000	116000	14.46395618	0.143114564	0.005802613	0.049839493	22.08	NA	9.65988366736482	5.23	358.856666666667	91.5333463178347	112.155377867188	33.6371120907693	22.90431	18.39	14.5	0.4	108.236640447023	880.595227895085	9.61882126501441	4.24897999868327	NA	NA	NA	NA	NA	NA	NA	NA	NA	NA	NA	NA	NA	30.28	302.293333333333	4.952
SEW11	SCH	forest	12.7	3.889	1.644	0.003	23.84	53.7133333333333	31.2433333333333	16.3577753893822	22400000	414000	372000	NA	2.82883411	1.644121808	0.000280112	0.057054163	19.36	NA	10.8693356829025	NA	333.85	234.774440174075	283.701787752025	186.824210400702	33.41647	31.49	13.6428571428571	1.14	246.018885818182	1327.35322605409	7.57410144743824	3.01075155107694	NA	NA	NA	NA	NA	NA	NA	NA	NA	NA	NA	NA	NA	29.1966666666667	276.046666666667	4.492
SEW12	SCH	forest	18.5	16.715	0.13	NA	26.31	61.9966666666667	37.9766666666667	7.90566661569163	1570000	349000	25400	NA	13.05627115	0.133142569	NA	0.056136243	44.98	NA	15.7934859534139	2.82	360.863333333333	97.6725232423598	129.793887422731	66.7373387389812	22.851035	20.87	19.2142857142857	0.25	122.848335330265	636.648745825218	3.49855797936944	2.12360611826882	NA	NA	NA	NA	NA	NA	NA	NA	NA	NA	NA	NA	NA	34.55	327.41	3.702
SEW13	SCH	forest	15.5	10.703	0.153	0.075	20.55	45.7066666666667	33.9433333333333	5.90011638020121	18400000	15400000	1060000	2250000	7.761477445	0.142435107	0.005019209	0.071605763	23.48	49.1708723864456	10.0061442723988	5.91	321.73	100.246601910337	166.794530341599	164.037819161849	22.78155	26.72	17.5	0.27	108.888434871795	1437.80081220048	5.22586512707752	1.46643611680455	42.86	42.86	NA	NA	NA	NA	NA	NA	NA	NA	NA	NA	NA	32.3333333333333	302.2	2.702
SEW14	SCH	forest	14.6	9.481	0.154	0.105	17.63	45.5	29.0433333333333	0.82643007815413	48500000	232000	364000	289000	7.512150879	0.149569113	0.006775103	0.061252681	46.78	73.2283464566929	26.1683858955451	8.01	267.833333333333	105.984045153183	176.530315503109	128.163109810935	12.7633	25.41	19.5714285714286	0.55	90.4105361499772	1418.41516479285	3.17894520808394	1.47987245880809	NA	NA	NA	NA	NA	NA	NA	NA	NA	NA	NA	NA	NA	32.0833333333333	297.246666666667	0.982
SEW15	SCH	forest	14.4	9.185	NA	0.013	19.6	45.7266666666667	32.2333333333333	5.88056405594711	55300000	484000	106000	158000	7.143033964	0.052457242	0.000727104	0.036298992	43.59	32.6964528617767	22.7031741609422	8.51	319.72	35.0816175421458	62.9542091233066	17.8017857767807	13.250165	10.7	14.1428571428571	0.43	43.2309234990925	316.560469706617	7.39866570995434	1.94424003989789	0	NA	0	NA	NA	NA	NA	NA	NA	NA	NA	NA	NA	32.4633333333333	297.233333333333	2.432
SEW16	SCH	forest	14.6	16.268	0.11	0.013	18.29	41.4166666666667	27.7466666666667	14.4068549043491	8730000	636000	13500	121000	12.44441102	0.10688808	0.000735298	0.033837964	25.67	NA	15.3323245078513	2.18	268.203333333333	115.149066630408	117.435061258838	93.0353237576207	10.60816	19.5	20.2142857142857	0.43	161.718557419355	1182.06671793959	5.57616825414721	2.05113138666275	75	75	NA	NA	NA	NA	NA	NA	NA	NA	NA	NA	NA	30.2433333333333	280.75	3.222
SEW17	SCH	forest	14.1	16.124	0.508	NA	23.59	42.5566666666667	30.7533333333333	10.3505679676163	2010000	998000	NA	NA	12.56220739	0.469955888	NA	0.054168001	22.05	20.1605002605524	12.2859287126059	14.14	264.313333333333	108.336962721241	96.1037952554916	86.3258300908456	16.909625	21.83	24.6428571428571	0.61	105.033087447398	617.482580754753	8.22735912364786	2.56554211538135	100	100	NA	NA	NA	NA	NA	NA	NA	NA	NA	NA	NA	28.47	250.163333333333	5.452
SEW18	SCH	forest	13.7	14.001	0.359	0.07	21.97	37.01	28.2366666666667	10.0822729556224	15100000	403000	128000	NA	11.04487363	0.351034605	0.003601228	0.056754545	30.02	35.9718193120597	45.6947932344053	8.41	280.26	132.789384604597	198.196256178839	130.748638127463	25.59282	31.48	21.5	0.59	145.589371739334	1477.9506605292	6.10577148528155	2.0804242835731	NA	NA	NA	NA	NA	NA	NA	NA	NA	NA	NA	NA	NA	27.6733333333333	254.413333333333	9.762
SEW19	SCH	forest	14.9	9.275	2.055	NA	20.18	41.7266666666667	29.9666666666667	6.04939418727022	369000	1090000	11500	NA	6.777319678	1.847420251	NA	0.055151007	28.3	NA	8.81767221783496	7.88	294.183333333333	60.317087567623	60.5543868885455	24.7164801820719	17.06252	6.37	19.2142857142857	0.46	127.065999353828	421.791325551338	3.25892786441646	3.12297818844839	0	0	NA	NA	NA	NA	NA	NA	NA	NA	NA	NA	NA	29.4233333333333	273.096666666667	9.592
SEW20	SCH	forest	14.9	12.584	0.122	0.082	23.61	41.4466666666667	26.5633333333333	9.0097591986743	14900000	1340000	433000	157000	9.242984611	0.116768342	0.00374078	0.045597413	17.08	NA	7.71877309453402	45.15	268.073333333333	73.1330136517561	70.9777282514681	57.49	17.331445	16.39	19.8571428571429	0.38	120.287256596078	548.09987437321	2.78019833097153	2.11705753058344	50	NA	50	NA	NA	NA	NA	NA	NA	NA	NA	NA	NA	27.8666666666667	248.006666666667	4.572
SEW21	SCH	forest	14.5	14.643	0.3	0.14	18.62	35.49	27.45	9.55466489328978	140000000	0	35200	NA	11.56809208	0.287558497	0.00609526	0.060110149	32.27	42.2291021671827	15.883809952062	7.99	252.48	111.83392815373	144.221011435552	159.542923785805	14.32231	25.55	21.8571428571429	0.3	119.3154048	1634.20033780522	3.35070862358876	0.963558413719188	100	100	NA	NA	NA	NA	NA	NA	NA	NA	NA	NA	NA	28.3366666666667	269.1	3.982
SEW22	SCH	forest	15.4	7.704	0.182	0.117	17.87	34.1366666666667	24.8133333333333	10.1862603993523	41900000	386000	291000	212000	6.127295731	0.174051443	0.004840126	0.039386847	41.56	NA	23.3228921690486	5.94	259.543333333333	163.214487989704	186.602707176064	152.785299554376	21.254605	23.46	19.4285714285714	0.24	121.277340529607	1727.94954548785	6.68170621384667	3.65617569648637	NA	NA	NA	NA	NA	NA	NA	NA	NA	NA	NA	NA	NA	24.9	257.78	2.542
SEW23	SCH	forest	14.6	18.147	2.565	0.297	15.12	31.4266666666667	23.1433333333333	8.92609768574303	316000000	1380000	770000	163000	14.23907926	2.627510771	0.012682966	0.039591227	15.22	40.1420217209691	12.8159824919725	4.87	267.76	73.4458750028552	136.565757705605	45.8270050472449	11.66245	19.68	14.6428571428571	0.48	84.0282287945017	1083.20318997754	4.907955364357	0.74327787874551	NA	NA	NA	NA	NA	NA	NA	NA	NA	NA	NA	NA	NA	21.64	231.6	2.972
SEW24	SCH	forest	16.6	7.528	0.37	0.463	15.8	34.25	21.4533333333333	6.52853394735777	406000000	5000000	39400	578000	6.613050902	0.392637263	0.019629529	0.035562997	13.88	18.4608932690291	10.572809920117	23	312.513333333333	85.2626716578496	166.124134301432	42.168519991456	22.477055	18.23	11.5714285714286	0.41	139.101766421929	959.350614966332	8.24823579461974	0	0	0	NA	NA	NA	NA	NA	NA	NA	NA	NA	NA	NA	21.7633333333333	217.686666666667	1.852
SEW25	SCH	forest	16.1	NA	1.097	0.322	15.72	34.8266666666667	21.6266666666667	9.62661228380455	98000000	3080000	814000	1160000	NA	1.168827455	0.013200882	0.042089898	31.65	59.5655806182122	24.9079788366594	3.82	245.57	158.068194555313	211.495202917191	75.59	24.42983	20.81	11	0.45	115.174910894168	1454.53810787039	6.26669044594131	1.59712806353784	NA	NA	NA	NA	NA	NA	NA	NA	NA	NA	NA	NA	NA	21.91	243.93	1.902
SEW26	SCH	forest	15.9	NA	12.289	0.32	15.19	27.8866666666667	22.62	5.32027698798554	183000000	5230000	631000	4780000	NA	4.201775348	0.011724222	0.046768647	53.7	86.3777089783282	28.8214560061454	4.22	287.893333333333	90.2158907483292	102.671818484049	98.2662960610065	21.72606	17.67	10.7142857142857	0.64	69.8297510697675	1236.7347979042	NA	NA	NA	NA	NA	NA	NA	NA	NA	NA	NA	NA	NA	NA	NA	21.26	240.25	3.602
SEW27	SCH	forest	15.9	4.69	NA	0.295	15.94	33.7033333333333	24.7466666666667	5.79571658235552	198000000	34700	21500	669000	3.593936105	0.104763737	0.009998373	0.037092003	60.58	74.6600228381605	31.7376098264594	24.3	282.513333333333	82.0517163718426	105.978069884121	46.4875294111	19.53456	18.25	16.5714285714286	0.29	88.1405702564103	1003.90458836953	3.31263907700921	1.45945036511345	0	0	NA	NA	NA	NA	NA	NA	NA	NA	NA	NA	NA	21.82	219.973333333333	1.952
SEW28	SCH	forest	16.8	13.849	0.232	0.313	14.77	27.11	20	6.59519107610676	339000000	5980000	78700	850000	11.144582	0.258739235	0.01162386	0.041431896	39.33	35.3294653957729	28.0070713107306	2.66	213.866666666667	204.895475219156	238.900867986506	84.3966406554838	28.45317	24.35	11.7857142857143	0.24	115.048973544974	1590.58849743802	5.11065836613737	2.11971776079838	100	100	NA	NA	NA	NA	NA	NA	NA	NA	NA	NA	NA	20.5933333333333	220.066666666667	2.872
SEW29	SCH	forest	15.9	16.728	2.012	0.053	21.93	42.8033333333333	26.98	6.60845775852617	10400000	234000	107000	260000	13.37535623	2.026137019	0.001730437	0.033759321	16.72	7.07982975189453	8.12514985900458	8.09	269.6	54.2403733447014	89.1781935468204	73.538247005339	15.8153	12.04	24.7142857142857	0.21	98.678292936803	576.352634767538	5.30026671235736	2.33537956779643	25	25	NA	NA	NA	NA	NA	NA	NA	NA	NA	NA	NA	26.45	228.466666666667	2.982
SEW30	SCH	forest	15.8	18.526	7.032	0.095	23.07	41.3566666666667	30.7966666666667	11.017881149502	7760000	714000	362000	238000	15.32702682	3.498781293	0.00188827	0.04787789	2.95	NA	7.56637325761185	3.82	323.683333333333	229.822399236872	219.642384033545	204.30791732902	23.73461	26.88	19.7857142857143	0.29	176.831845128668	1894.28619549667	5.5720601880317	2.82629034773117	0	0	NA	NA	NA	NA	NA	NA	NA	NA	NA	NA	NA	26.9333333333333	249.02	1.562
SEW31	SCH	forest	15.8	15.153	NA	NA	19.39	35.3333333333333	28.1133333333333	4.85938447391121	12600000	489000	195000	0	12.27506329	0.020469287	NA	0.047288264	17.66	40.9519815474942	9.09255296030389	7.17	264.163333333333	61.8205605494183	132.500717640584	61.4428073042197	14.87924	20.59	25.0714285714286	0.23	83.5825408488317	822.238165724498	3.64476500471545	1.93630480559694	0	0	0	NA	NA	NA	NA	NA	NA	NA	NA	NA	NA	25.4433333333333	249.036666666667	4.452
SEW32	SCH	forest	15.6	16.56	0.383	0.321	19.79	35.8233333333333	31.6233333333333	12.8388409282321	18700000	1710000	175000	0	12.81034313	0.374504196	0.008958787	0.059569277	9	NA	10.9776654371681	4.3	343.91	130.882813221055	152.204097200805	88.5338819192703	29.16893	28.65	13.5714285714286	0.46	172.179675089333	1555.18234626976	3.29961257650976	0.916905047926944	16.39	30	3.23	NA	NA	NA	NA	NA	NA	NA	NA	NA	NA	27.1266666666667	253.31	1.326
SEW33	SCH	forest	16.8	15.257	1.132	NA	25	44.3933333333333	30.66	8.47102688153709	0	1470000	0	0	11.42059314	1.134415693	NA	0.043500801	32.76	NA	15.2336760988632	8.47	304.916666666667	93.7554911954195	207.268671624323	54.3476332224023	15.50193	12.57	25.2142857142857	0.41	76.8682175494839	234.729822942914	NA	NA	NA	NA	NA	NA	NA	NA	NA	NA	NA	NA	NA	NA	NA	29.0733333333333	277.753333333333	4.512
SEW34	SCH	forest	16.2	10.387	12.086	NA	22.22	39.6066666666667	25.7166666666667	5.04399150521848	6480000	2630000	6270	121000	8.20545161	3.998203899	0.001667059	0.051537395	19.92	25.0610526315789	9.01933974547093	16.2	262.946666666667	103.037597628169	159.090132989455	89.8274636991454	17.53863	16.5	23.5	0.3	63.4061027114556	644.860240799586	5.03228083439643	1.32920480056431	NA	NA	NA	NA	NA	NA	NA	NA	NA	NA	NA	NA	NA	25.88	247.94	1.662
SEW35	SCH	forest	16.1	12.304	11.507	0.101	18.83	33.7933333333333	23.44	6.17503921071695	35400000	422000	6650	292000	10.2332034	3.901376913	0.00262883	0.028548578	13.75	24.1050563540482	11.3594329622221	56.21	260.833333333333	134.683334076568	138.020883227361	88.0997982369281	NA	20.78	15.3571428571429	0.4	102.447602248712	1153.89026018235	7.68605233185254	2.6937705818172	25	25	NA	51.6	92.9861111111111	3.6	0	33.6	86.1111111111111	6.4	32.5902777777778	5.4	0.3125	20.9933333333333	227.023333333333	3.282
SEW36	SCH	forest	15.1	13.741	0.567	0.422	17.27	35.1533333333333	23.0433333333333	17.9264317891025	166000000	668000	780000	167000	11.59572506	0.633632927	0.011501293	0.048742217	37.65	42.8689370485036	29.290178024116	0.89	260.59	177.794929570994	313.6458556196	206	38.867185	30.54	14.2142857142857	0.25	219.869181348399	2137.00859302388	5.47701938093144	1.49500664655689	NA	NA	NA	74.8	NA	8.4	NA	52	NA	11.2	NA	7.4	NA	21.1266666666667	219.096666666667	4.702
SEW37	SCH	forest	NA	14.583	22.481	0.08	16.98	37.82	25.7333333333333	13.3830709857597	23400000	693000	149000	772000	12.10476368	5.770475571	0.001958165	0.043992889	18.91	45.4231578947368	11.1968598841421	2.09	296.26	99.234590351903	267.540987184659	58.4274112722878	NA	21.44	15.1428571428571	1.55	139.621423784286	1681.24588598588	4.42687505690333	1.77657596372832	NA	NA	NA	58.4	96.025641025641	6.4	2.24358974358974	33.2	93.525641025641	11.8	7.8525641025641	6.8	0	26.0833333333333	270.106666666667	6.752
SEW38	SCH	forest	15.1	24.302	0.194	0.45	15.98	30.1166666666667	21.1666666666667	10.0169567048473	186000000	1760000	9760	1920000	18.78214723	0.196803275	0.010356686	0.043027689	33.54	67.8478374153205	24.7844057279425	7.57	214.56	130.341481221745	218.507208807551	72.6678465972517	26.91395	21.94	15.2857142857143	0.3	128.441260466948	1343.63663422702	4.40697919044614	1.40413376745311	0	0	NA	63.2	93.5064935064935	6.8	0	51.2	94.5165945165945	4	6.97871572871573	5	0.454545454545455	19.8266666666667	212.956666666667	3.272
SEW39	SCH	forest	19.4	14.81	1.9	0.317	17.75	31.1766666666667	23.29	12.5349327995403	160000000	943000	411000	823000	12.4986909	1.913244144	0.007089083	0.038331387	6.56	NA	9.4754814817113	5.09	278.173333333333	125.455115586045	173.012476854966	59.673262835664	27.63649	18.97	14.1428571428571	0.27	143.851208762724	1450.95982467818	5.38118127165414	1.58886315229367	NA	NA	NA	65.2	66.991341991342	6.4	3.84615384615385	45.6	47.8854478854479	11.4	21.1101398601399	4.6	0.549450549450549	20.7933333333333	213.073333333333	0.902
SEW40	SCH	forest	19.4	5.778	0.413	0.478	17.75	34.96	24.0066666666667	12.0969113848874	68400000	1730000	184000	3070000	4.252409917	0.413348305	0.010394537	0.037513074	28.49	40.6282504680674	19.6570627217832	4.21	281.03	126.762926069859	198.693971418835	56.9292826620498	19.434265	19.02	12.4285714285714	0.38	133.53316686117	1377.32947226605	8.75484934679435	3.10810565910379	0	0	NA	69.6	62.5	3.6	0	30.4	46.0218253968254	14.8	11.1855158730159	13.4	4.44940476190476	20.5633333333333	220.026666666667	1.122
SEW41	SCH	forest	NA	7.922	10.768	0.114	18.98	31.4133333333333	22.61	8.78262462496067	14100000	757000	190000	2250000	6.287672031	3.778447744	0.002556231	0.036802902	24.48	NA	16.5149473981919	4.35	271.47	104.83103006649	135.929582317881	69.4105799955302	21.7693	17.64	17.0714285714286	0.24	124.239280439746	1059.79822867183	0.8184922625094	0.256946821132746	10.26	10.26	NA	73.2	73.4821428571429	9.6	0	48.4	62.2083333333333	7	9.93452380952381	10.4	0	20.94	235.09	7.202
SEW42	SCH	forest	NA	6.957	2.547	0.236	16.86	32.9	22.1233333333333	15.8129189728367	110000000	1220000	885000	1160000	6.245987175	2.658522659	0.005034524	0.021806365	3.2	NA	11.8541126312703	1.29	273.166666666667	195.165521934992	290.261613904391	75.54687331277	34.13442	23.27	9.14285714285714	0.49	144.043311588438	1891.90223158619	0.949949055167034	1.74214929650538	10	10	NA	68	81.4197530864197	7.2	0	48	76.7283950617284	6.4	5.9481721981722	10.6	2.40740740740741	22.3	216.973333333333	7.182
SEW43	SCH	forest	NA	4.284	19.245	0.214	16.5	31.6566666666667	23.21	8.38734957369332	130000000	2570000	1290000	1840000	4.198927625	4.693821802	0.004178783	0.027072645	24.04	39.8259428097804	20.4133961987022	1.01	283.153333333333	127.642944644145	269.797731182141	81.5799315974471	28.82892	18.46	16.1428571428571	0.23	133.50277650101	1351.16083420215	3.49057825412938	1.90077625954599	4.76	4.76	NA	66.4	57	9.2	0.833333333333333	47.6	45.5	7.2	4.75	5.2	4.06944444444444	20.51	237.07	5.152
SEW44	SCH	forest	12.4	10.718	7.575	0.018	18.48	35.9133333333333	24.4766666666667	9.95655256063999	32300000	2980000	212000	1210000	7.986102814	3.796981085	0.000353307	0.042242763	21.52	34.0673684210526	13.1869708291274	3.74	287.79	88.691966947847	124.512807893094	35.9028451386833	26.06238	17.36	12.5	0.28	107.103834702365	917.757089385296	5.14515681821757	2.63317061942996	0	0	NA	66.8	32.9007936507937	6.4	1.25	32.8	19.6785714285714	12.8	4.60714285714286	8.4	2.56944444444444	24.2333333333333	251.753333333333	0.236
SEW45	SCH	forest	NA	1.202	2.653	0.349	17.93	35.44	24.3533333333333	5.57863129606288	85900000	969000	151000	403000	0.958387392	2.605383941	0.006354204	0.033529362	6.1	NA	16.7650469055912	2.68	331.61	150.485963222879	214.861416682619	56.549930284997	25.48132	16.56	16.3571428571429	0.3	109.651646984127	1872.44751745825	6.88891735128904	2.13732534998568	NA	NA	NA	68.8	NA	2	NA	59.2	NA	4.8	NA	7	NA	21.7466666666667	223.11	5.012
SEW46	SCH	forest	NA	7.915	NA	0.318	15.88	32.67	24.77	10.9694874892621	191000000	2180000	388000	2060000	5.927612808	0.078856587	0.005557161	0.033814993	25.87	NA	21.0679277231412	17.09	311.333333333333	101.513299490583	234.730939440696	60.4801292329033	26.43679	21.3	20.7142857142857	0.31	117.541444341357	2869.80092638478	5.47148235975931	1.72522865454243	NA	NA	NA	66.8	69.4444444444444	7.2	0	41.6	55.5555555555556	1.8	16.6666666666667	19.2	0	22.9466666666667	234.023333333333	2.302
SEW47	SCH	forest	11.7	1.485	6.209	0.357	17.63	37.74	25.2333333333333	13.343472685035	57500000	270000	271000	162000	1.158654919	2.993306448	0.006148556	0.038717249	37.32	NA	23.252943789844	4.34	296.88	179.591081821721	217.241897410312	102.219490038122	21.12902	23.61	17.9285714285714	0.29	140.353893001883	1641.45443600087	6.19590873328088	2.40912943841004	NA	NA	NA	46.4	NA	8.4	NA	20	NA	4.8	NA	8	NA	22.0733333333333	245.653333333333	6.772
SEW48	SCH	forest	19.2	16.042	18.53	0.491	16.47	36.8066666666667	25.7433333333333	10.3063611773466	18400000	5810000	308000	495000	13.56091031	4.622137889	0.008439624	0.035065476	31.14	NA	8.20689620395894	4.61	292.073333333333	177.99	262.26	67.07	25.28715	19.38	12.2857142857143	0.33	143.307419126287	1384.48625399221	4.38748315670858	1.88752530188843	100	100	NA	59.6	96.25	2.4	0	32.4	96.25	9.4	9.53787878787879	10	0	24.1766666666667	244.8	3.372
SEW49	SCH	forest	15.8	25.474	1.331	0.19	18.54	36.7	23.8666666666667	7.73428228511209	60900000	675000	404000	743000	21.67908884	1.352304582	0.003224378	0.030007366	11.52	24.4084210526316	8.08368218886213	16.35	275.85	106.638510118033	202.398155407835	104.159821353336	26.16602	21.42	14.8571428571429	0.54	112.556451181287	1488.70783121033	5.94780416279236	2.67611249221038	0	0	NA	71.2	62.6944444444444	5.6	0	52.4	53.3611111111111	11.8	9.19444444444444	5.2	0	19.5566666666667	199.226666666667	1.802
SEW50	SCH	forest	15.8	18.451	0.621	0.241	16.09	35.3333333333333	23.7833333333333	24.4851308790876	57100000	5960000	58800	1390000	14.80017394	0.657381263	0.004189611	0.023429725	37.47	NA	20.1443117591657	5.65	281.37	105.32	293.607914141864	77.97	NA	16.8	11.4285714285714	0.31	175.971110853901	1235.92229876637	5.66991620666484	2.01027496675268	NA	NA	NA	54.4	73	13.2	0	23.6	69.6666666666667	3.4	4.33333333333333	13.6	1.25	24.2333333333333	248.393333333333	3.905
